-5 1.33175e-11
-4.89899 3.70922e-11
-4.79798 1.00157e-10
-4.69697 2.62271e-10
-4.59596 6.66062e-10
-4.49495 1.64028e-09
-4.39394 3.91563e-09
-4.29293 9.05524e-09
-4.19192 2.02679e-08
-4.09091 4.38479e-08
-3.9899 9.15152e-08
-3.88889 1.83762e-07
-3.78788 3.53583e-07
-3.68687 6.47907e-07
-3.58586 1.11928e-06
-3.48485 1.79024e-06
-3.38384 2.55371e-06
-3.28283 2.93849e-06
-3.18182 1.61288e-06
-3.08081 -4.58641e-06
-2.9798 -2.24327e-05
-2.87879 -6.53795e-05
-2.77778 -0.000158569
-2.67677 -0.000346561
-2.57576 -0.00070457
-2.47475 -0.00135383
-2.37374 -0.00248109
-2.27273 -0.00436121
-2.17172 -0.00738022
-2.07071 -0.0120539
-1.9697 -0.0190351
-1.86869 -0.0290996
-1.76768 -0.0431019
-1.66667 -0.061891
-1.56566 -0.086182
-1.46465 -0.116387
-1.36364 -0.15242
-1.26263 -0.193499
-1.16162 -0.237993
-1.06061 -0.283341
-0.959596 -0.326102
-0.858586 -0.36216
-0.757576 -0.387087
-0.656566 -0.396643
-0.555556 -0.387357
-0.454545 -0.357098
-0.353535 -0.305539
-0.252525 -0.234415
-0.151515 -0.147511
-0.0505051 -0.050355
0.0505051 0.050355
0.151515 0.147511
0.252525 0.234415
0.353535 0.305539
0.454545 0.357098
0.555556 0.387357
0.656566 0.396643
0.757576 0.387087
0.858586 0.36216
0.959596 0.326102
1.06061 0.283341
1.16162 0.237993
1.26263 0.193499
1.36364 0.15242
1.46465 0.116387
1.56566 0.086182
1.66667 0.061891
1.76768 0.0431019
1.86869 0.0290996
1.9697 0.0190351
2.07071 0.0120539
2.17172 0.00738022
2.27273 0.00436121
2.37374 0.00248109
2.47475 0.00135383
2.57576 0.00070457
2.67677 0.000346561
2.77778 0.000158569
2.87879 6.53795e-05
2.9798 2.24327e-05
3.08081 4.58641e-06
3.18182 -1.61288e-06
3.28283 -2.93849e-06
3.38384 -2.55371e-06
3.48485 -1.79024e-06
3.58586 -1.11928e-06
3.68687 -6.47907e-07
3.78788 -3.53583e-07
3.88889 -1.83762e-07
3.9899 -9.15152e-08
4.09091 -4.38479e-08
4.19192 -2.02679e-08
4.29293 -9.05524e-09
4.39394 -3.91563e-09
4.49495 -1.64028e-09
4.59596 -6.66062e-10
4.69697 -2.62271e-10
4.79798 -1.00157e-10
4.89899 -3.70922e-11
5 -1.33175e-11
